mean squared error:  20.650453763356722
[[ 57.6        -93.6         61.57129669 -78.83773804]
 [ 65.25       -63.2708      55.55505371 -79.4637146 ]
 [ 66.41       -62.7043      61.0560379  -75.2477951 ]
 [ 60.45       -64.8512      58.76134491 -67.39376831]
 [ 67.143      -62.419       59.08460617 -68.2003479 ]
 [ 61.36       -64.759       58.64955521 -67.37424469]
 [ 65.89       -62.1612      61.99621964 -71.20545959]
 [ 57.5        -93.2         55.44549179 -89.21705627]
 [ 70.729      -70.451       63.40769958 -72.81674194]
 [ 65.86       -62.1585      55.2892952  -79.92044067]
 [ 66.35       -62.2033      58.97446823 -74.12818909]
 [ 58.5        -93.1         66.66259766 -77.93585205]
 [ 67.87       -65.983       62.20343399 -71.41460419]
 [ 70.036      -67.308       61.28715897 -71.11763   ]
 [ 65.36         0.          56.18813705 -76.36865234]
 [ 62.93       -63.781       53.00857162 -76.63827515]
 [ 58.5        -93.1         61.05187607 -83.46615601]
 [ 64.99       -63.593       60.73048782 -70.10507202]
 [ 73.54       -80.831       60.53072739 -69.45598602]
 [ 57.7        -93.7         65.70477295 -79.39927673]
 [ 58.6        -93.2         60.49926376 -87.94512939]
 [ 67.714      -65.031       61.42986298 -71.35244751]
 [ 67.93       -66.017       59.52744675 -68.40240479]
 [ 60.4        -67.8795      61.02478027 -70.02676392]
 [ 65.17       -64.1228      63.23287964 -72.74717712]
 [ 65.28       -63.3013      59.90312576 -70.68286133]
 [ 72.06       -74.212       63.55319977 -73.21272278]
 [ 62.5        -64.8107      56.2084465  -67.60283661]
 [ 59.45       -63.6957      53.88282013 -64.75977325]
 [ 65.92       -62.4295      63.4295311  -73.04959106]
 [ 62.43       -64.426       58.01438522 -67.79079437]
 [ 62.13       -67.3318      59.12411118 -70.30044556]
 [ 72.08       -74.259       60.9303627  -73.95493317]
 [ 67.23       -63.317       60.78766251 -69.78536987]
 [ 58.3        -93.4         63.00956345 -88.77700806]
 [ 58.17       -92.87        64.97072601 -84.90333557]
 [ 65.66       -62.401       57.50659561 -72.26370239]
 [ 65.8        -62.3545      56.65420914 -73.12232208]
 [ 71.265      -90.102       60.97921371 -70.14926147]
 [ 74.95       -99.217       62.12546921 -71.42201996]
 [ 65.63       -62.4718      56.43411636 -75.54222107]
 [ 60.39       -64.4443      61.81652069 -70.95227051]
 [ 65.77       -73.7458      61.52481461 -70.61395264]
 [ 62.53       -64.159       56.27632523 -68.44306183]
 [ 72.47       -90.733       60.02905273 -68.8633728 ]
 [ 62.64       -64.8968      59.10611343 -74.93537903]
 [ 62.92       -63.7027      62.09645462 -71.67384338]
 [ 69.63       -78.3796      63.51600647 -73.64293671]
 [ 66.54       -61.6928      56.95873642 -76.44316101]
 [ 65.89       -62.1612      56.03235245 -72.07623291]
 [ 73.2        -96.828       66.10798645 -75.9713974 ]
 [ 74.79       -92.324       68.2605896  -78.48400879]
 [ 57.7        -93.1         63.01407623 -79.06335449]
 [ 74.77       -92.698       77.05739594 -88.71105957]
 [ 62.13       -67.3318      58.80128098 -67.51704407]
 [ 58.7        -93.2         61.23857498 -89.04218292]
 [ 61.89       -66.004       58.4303627  -67.00093079]
 [ 67.58       -63.933       65.00351715 -74.67703247]
 [ 67.15       -63.876       50.00657272 -57.149086  ]
 [ 60.31       -64.6095      58.27536392 -66.92857361]
 [ 66.28       -61.7895      52.26466751 -75.62120819]
 [ 60.58       -68.097       62.10961151 -71.29466248]
 [ 62.50916667 -64.50533333  52.04466629 -71.8263855 ]
 [ 58.9        -94.6         66.43699646 -76.73196411]
 [ 60.09       -64.4562      60.95613861 -70.05699158]
 [ 59.51       -65.3855      58.89408112 -67.54265594]
 [ 65.85       -84.0824      65.06533813 -74.74912262]
 [ 68.64       -68.135       63.6355629  -73.20708466]
 [ 58.1        -92.9         58.47573853 -94.34168243]
 [ 67.1        -62.617       61.66225052 -70.77175903]
 [ 57.9        -92.7         62.07669449 -80.37553406]
 [ 58.7        -93.2         62.58503342 -79.62846375]
 [ 62.16       -67.8853      58.04815674 -66.82377625]
 [ 62.46       -64.4632      59.73601532 -69.1204834 ]
 [ 68.15       -74.3686      63.08378983 -72.43341827]
 [ 62.76       -63.8568      58.91868973 -67.57077026]
 [ 66.92       -61.86        53.67828751 -71.59490967]
 [ 67.97       -65.05        63.68649292 -73.13760376]
 [ 74.93       -97.55        63.35316086 -79.3999939 ]
 [ 62.45       -64.266       53.82049942 -73.66377258]
 [ 58.3        -94.7         63.36901093 -78.23779297]
 [ 57.6        -92.6         61.51436996 -88.73576355]
 [ 62.9        -64.6197      61.25827408 -70.30872345]
 [ 58.73       -93.169       60.81110001 -88.9360199 ]
 [ 66.13       -62.8952      55.26325989 -78.63264465]
 [ 62.03       -66.88        63.0743866  -72.42224884]
 [ 70.04       -67.308       55.98501205 -76.43511963]
 [ 74.55       -80.517       71.78881073 -82.59676361]
 [ 65.39       -76.6356      63.29162598 -72.67624664]
 [ 73.13       -90.          66.47809601 -76.51216888]]
 
