1000 epochs - no hidden layer

Results: -484.26 (1192.97) MSE
[[ 61.61       -64.753       61.23189926 -72.86732483]
 [ 58.4        -93.1         67.2442627  -79.2233963 ]
 [ 60.18       -69.4077      65.1022644  -74.04510498]
 [ 73.75       -82.13        67.59198761 -77.13571167]
 [ 62.54       -64.9808      63.38643265 -75.69274139]
 [ 65.65       -83.6773      56.60360336 -76.50559998]
 [ 74.93       -97.55        67.3324585  -80.6749649 ]
 [ 66.54       -61.6928      57.49355316 -71.82054138]
 [ 58.1        -92.8         64.57785797 -79.24372101]
 [ 62.13       -67.3318      62.12229156 -73.71482086]
 [ 72.63       -93.596       73.19624329 -83.31510162]
 [ 62.58       -66.5785      62.79472733 -73.15358734]
 [ 60.6        -64.7653      63.39120483 -73.7751236 ]
 [ 57.57       -93.46        66.71425629 -83.26802063]
 [ 58.2        -92.9         65.76196289 -80.28166962]
 [ 61.66       -64.9565      58.92022705 -71.44742584]
 [ 58.1        -92.8         64.78549957 -78.95503998]
 [ 60.06       -65.0482      61.79410934 -73.18750763]
 [ 72.79       -93.735       70.84146118 -78.94717407]
 [ 71.12       -88.35        66.4753952  -74.63906097]
 [ 58.7        -93.1         66.3002243  -80.84978485]
 [ 67.06       -62.034       58.7335434  -71.5452652 ]
 [ 58.         -93.6         67.88341522 -80.90961456]
 [ 77.3        -78.783       65.91334534 -77.22728729]
 [ 62.58       -66.5785      61.22818756 -73.88874054]
 [ 60.43       -64.5818      64.16153717 -74.32388306]
 [ 70.275      -67.884       64.14801788 -76.42358398]
 [ 60.16       -64.4028      61.95414352 -72.61386871]
 [ 66.55       -61.445       59.22708511 -73.17288971]
 [ 62.53       -64.8132      62.09054947 -74.44835663]
 [ 67.1        -62.7842      64.40344238 -76.48636627]
 [ 62.88       -64.7672      63.87402725 -76.03583527]
 [ 70.15       -74.3686      53.42850113 -71.79080963]
 [ 70.729      -70.451       67.03367615 -77.91472626]
 [ 66.54       -61.605       61.41623688 -73.55265808]
 [ 57.9        -93.3         56.92167282 -77.29715729]
 [ 58.2        -92.9         57.76835632 -78.41320038]
 [ 59.55       -64.0652      61.52946854 -72.67195129]
 [ 64.93       -63.644       63.71651459 -76.12265778]
 [ 71.97       -72.517       66.67862701 -77.13188934]
 [ 67.06       -62.332       63.9223671  -75.5446701 ]
 [ 69.61       -67.881       63.51496887 -74.60262299]
 [ 69.148      -66.785       65.34583282 -77.68869781]
 [ 61.18       -66.875       63.77794647 -75.28783417]
 [ 66.64       -61.9762      60.05513382 -74.0712738 ]
 [ 62.51       -64.5053      61.5017128  -73.52194977]
 [ 60.09       -64.4562      64.27233887 -75.31098175]
 [ 58.1        -93.4         65.21664429 -79.58893585]
 [ 60.09       -67.8523      64.13223267 -73.98536682]
 [ 58.         -93.4         64.66466522 -77.28258514]
 [ 73.68       -79.7         72.0697937  -83.14963531]
 [ 58.2        -93.3         65.51857758 -79.78127289]
 [ 61.74       -65.6887      61.91514587 -73.43612671]
 [ 58.1        -92.9         59.3399086  -80.69283295]
 [ 58.16       -92.936       58.47805023 -79.74662781]
 [ 67.05       -62.122       62.00076675 -73.30762482]
 [ 60.66       -64.7595      60.84934616 -72.13646698]
 [ 58.         -93.6         66.51873779 -80.14425659]
 [ 58.7        -93.2         66.27494049 -79.47788239]
 [ 74.93       -97.55        68.55464172 -80.89788055]
 [ 71.37       -69.417       66.0374527  -78.07956696]
 [ 70.064      -67.356       64.57332611 -76.55043793]
 [ 71.97       -90.303       69.12729645 -76.50894165]
 [ 62.69       -64.9385      63.83848572 -75.35205841]
 [ 62.1        -66.1232      64.70864868 -73.3191452 ]
 [ 59.86       -65.1318      62.44955444 -71.49199677]
 [ 58.4        -94.9         65.03722382 -79.39956665]
 [ 69.15       -66.785       61.38695526 -73.62888336]
 [ 77.38       -81.267       65.09776306 -77.12293243]
 [ 66.999      -62.049       63.62550354 -76.0851593 ]
 [ 58.5        -93.1         67.29892731 -81.31026459]
 [ 58.26       -93.327       69.65107727 -81.93625641]
 [ 66.45       -61.65        60.90378952 -71.97724152]
 [ 58.3        -93.3         69.45054626 -79.67516327]
 [ 60.42       -67.8523      59.79851913 -71.73952484]
 [ 60.11       -64.9803      61.9260788  -72.10515594]
 [ 60.6        -64.7545      60.80506516 -71.32025909]
 [ 66.62       -61.3127      61.20523834 -73.62719727]
 [ 58.3        -93.4         65.16430664 -78.71308899]
 [ 59.42       -63.7         62.18382645 -72.02362823]
 [ 58.48       -93.106       69.96437836 -84.82050323]
 [ 67.1        -62.733       63.69126892 -74.54482269]
 [ 60.42       -67.8645      59.95077133 -70.86032867]
 [ 71.25       -88.667       68.34444427 -76.33660126]
 [ 65.81       -62.5308      63.0160675  -75.16318512]
 [ 62.9        -64.6197      64.39997864 -74.95357513]
 [ 62.04       -66.9355      62.47136307 -71.79333496]
 [ 60.28       -64.7603      64.53713989 -73.69165039]
 [ 57.95       -93.381       67.09740448 -82.26851654]
 [ 58.2        -93.6         67.18706512 -79.15248108]]

1000 epochs DEPTH = 5, WIDTH = 10
Results: -85.99 (46.68) MSE
[[ 61.61       -64.753       59.06172562 -69.51793671]
 [ 58.4        -93.1         66.59575653 -78.63368225]
 [ 60.18       -69.4077      61.98944092 -73.05617523]
 [ 73.75       -82.13        64.36692047 -75.93370056]
 [ 62.54       -64.9808      61.83491898 -72.87487793]
 [ 65.65       -83.6773      58.87882996 -69.30227661]
 [ 74.93       -97.55        66.53417206 -78.5617981 ]
 [ 66.54       -61.6928      57.55307007 -67.69361877]
 [ 58.1        -92.8         64.51002502 -76.11437988]
 [ 62.13       -67.3318      60.3886261  -71.12385559]
 [ 72.63       -93.596       71.25968933 -84.2733078 ]
 [ 62.58       -66.5785      60.85736847 -71.68871307]
 [ 60.6        -64.7653      60.68453217 -71.4799881 ]
 [ 57.57       -93.46        68.49706268 -80.9413147 ]
 [ 58.2        -92.9         65.76376343 -77.63162231]
 [ 61.66       -64.9565      57.41989899 -67.53129578]
 [ 58.1        -92.8         65.19360352 -76.94097137]
 [ 60.06       -65.0482      60.53595352 -71.30151367]
 [ 72.79       -93.735       68.82108307 -81.31925201]
 [ 71.12       -88.35        62.12103271 -73.21446228]
 [ 58.7        -93.1         66.24378204 -78.21242523]
 [ 67.06       -62.034       57.85175323 -68.05410767]
 [ 58.         -93.6         67.60971832 -79.86220551]
 [ 77.3        -78.783       63.30242157 -74.64890289]
 [ 62.58       -66.5785      60.41203308 -71.15285492]
 [ 60.43       -64.5818      62.18431473 -73.29374695]
 [ 70.275      -67.884       62.16835022 -73.27840424]
 [ 60.16       -64.4028      59.62406158 -70.19734955]
 [ 66.55       -61.445       58.50396347 -68.84439087]
 [ 62.53       -64.8132      60.64777756 -71.4380722 ]
 [ 67.1        -62.7842      62.84739304 -74.09938812]
 [ 62.88       -64.7672      62.61262512 -73.81538391]
 [ 70.15       -74.3686      54.61934662 -64.14572144]
 [ 70.729      -70.451       63.90265274 -75.3744812 ]
 [ 66.54       -61.605       59.98866653 -70.64012909]
 [ 57.9        -93.3         60.78260422 -71.60662842]
 [ 58.2        -92.9         61.41301727 -72.36991119]
 [ 59.55       -64.0652      58.93759155 -69.36737061]
 [ 64.93       -63.644       62.25725937 -73.38599396]
 [ 71.97       -72.517       63.9789238  -75.46578217]
 [ 67.06       -62.332       62.37124634 -73.52246094]
 [ 69.61       -67.881       60.9012413  -71.74346924]
 [ 69.148      -66.785       63.617939   -75.03217316]
 [ 61.18       -66.875       61.30436707 -72.23189545]
 [ 66.64       -61.9762      59.43191528 -69.96759033]
 [ 62.51       -64.5053      59.43632889 -69.97161102]
 [ 60.09       -64.4562      61.67611694 -72.68081665]
 [ 58.1        -93.4         65.53855133 -77.35871887]
 [ 60.09       -67.8523      60.44901276 -71.19447327]
 [ 58.         -93.4         65.56389618 -77.38583374]
 [ 73.68       -79.7         72.30784607 -85.54226685]
 [ 58.2        -93.3         65.46398926 -77.26847839]
 [ 61.74       -65.6887      59.796772   -70.40750122]
 [ 58.1        -92.9         63.50597382 -74.90362549]
 [ 58.16       -92.936       63.22277832 -74.5606842 ]
 [ 67.05       -62.122       59.78982544 -70.39894104]
 [ 60.66       -64.7595      58.02255249 -68.25998688]
 [ 58.         -93.6         67.1235199  -79.27474213]
 [ 58.7        -93.2         65.96479797 -77.8724823 ]
 [ 74.93       -97.55        67.16127777 -79.31887817]
 [ 71.37       -69.417       64.05931091 -75.56570435]
 [ 70.064      -67.356       62.66888809 -73.88337708]
 [ 71.97       -90.303       65.07289124 -76.78410339]
 [ 62.69       -64.9385      61.96020508 -73.02510834]
 [ 62.1        -66.1232      60.42972183 -71.16905975]
 [ 59.86       -65.1318      58.90531158 -69.32527924]
 [ 58.4        -94.9         65.3785553  -77.16513062]
 [ 69.15       -66.785       60.39104462 -71.12715149]
 [ 77.38       -81.267       63.23326874 -74.56626892]
 [ 66.999      -62.049       62.11577225 -73.2149353 ]
 [ 58.5        -93.1         67.33388519 -79.53022003]
 [ 58.26       -93.327       71.00714111 -83.97042084]
 [ 66.45       -61.65        58.17337799 -68.44235992]
 [ 58.3        -93.3         69.63058472 -82.30166626]
 [ 60.42       -67.8523      57.85414124 -68.0565033 ]
 [ 60.11       -64.9803      59.33597946 -69.84803772]
 [ 60.6        -64.7545      58.08376694 -68.33345032]
 [ 66.62       -61.3127      59.62423325 -70.19927979]
 [ 58.3        -93.4         65.51396179 -77.3274231 ]
 [ 59.42       -63.7         58.94425583 -69.37376404]
 [ 58.48       -93.106       70.34880066 -83.17919922]
 [ 67.1        -62.733       61.80805588 -72.83979797]
 [ 60.42       -67.8645      57.30730057 -67.39393616]
 [ 71.25       -88.667       64.09545898 -75.60282135]
 [ 65.81       -62.5308      61.45752716 -72.4180069 ]
 [ 62.9        -64.6197      61.72304535 -72.73672485]
 [ 62.04       -66.9355      59.01931763 -69.46369171]
 [ 60.28       -64.7603      60.66540909 -71.45504761]
 [ 57.95       -93.381       67.75257111 -80.03868103]
 [ 58.2        -93.6         66.44087219 -78.44631958]]
 
1000 epochs W=100, D=1
Results: -70.08 (29.36) MSE
[[ 61.61       -64.753       61.03518295 -71.87706757]
 [ 58.4        -93.1         67.92558289 -80.29090881]
 [ 60.18       -69.4077      63.7481041  -75.18980408]
 [ 73.75       -82.13        65.9776535  -77.91229248]
 [ 62.54       -64.9808      63.6071701  -75.01772308]
 [ 65.65       -83.6773      60.52958298 -71.2596817 ]
 [ 74.93       -97.55        67.93131256 -80.29789734]
 [ 66.54       -61.6928      59.4474678  -69.93831635]
 [ 58.1        -92.8         66.02501678 -77.97013092]
 [ 62.13       -67.3318      62.25768661 -73.36986542]
 [ 72.63       -93.596       72.27045441 -85.5963974 ]
 [ 62.58       -66.5785      62.66121292 -73.86261749]
 [ 60.6        -64.7653      62.56314087 -73.74286652]
 [ 57.57       -93.46        69.65561676 -82.40343475]
 [ 58.2        -92.9         67.19960785 -79.40442657]
 [ 61.66       -64.9565      59.43556213 -69.92378235]
 [ 58.1        -92.8         66.62723541 -78.70549011]
 [ 60.06       -65.0482      62.34890366 -73.48125458]
 [ 72.79       -93.735       69.94724274 -82.759552  ]
 [ 71.12       -88.35        63.93886948 -75.42275238]
 [ 58.7        -93.1         67.64915466 -79.95336151]
 [ 67.06       -62.034       59.79937363 -70.36803436]
 [ 58.         -93.6         68.87252045 -81.44720459]
 [ 77.3        -78.783       65.01083374 -76.73171234]
 [ 62.58       -66.5785      62.21289444 -73.31517792]
 [ 60.43       -64.5818      63.8839798  -75.35572052]
 [ 70.275      -67.884       63.94817734 -75.43412018]
 [ 60.16       -64.4028      61.56313705 -72.5217514 ]
 [ 66.55       -61.445       60.40113449 -71.10283661]
 [ 62.53       -64.8132      62.48012161 -73.64148712]
 [ 67.1        -62.7842      64.53536224 -76.15112305]
 [ 62.88       -64.7672      64.29795074 -75.86122131]
 [ 70.15       -74.3686      56.58722305 -66.44568634]
 [ 70.729      -70.451       65.59078979 -77.43990326]
 [ 66.54       -61.605       61.85723877 -72.88088226]
 [ 57.9        -93.3         62.21523285 -73.31801605]
 [ 58.2        -92.9         62.82494736 -74.06254578]
 [ 59.55       -64.0652      60.94874954 -71.77153015]
 [ 64.93       -63.644       63.99412155 -75.49021912]
 [ 71.97       -72.517       65.61127472 -77.46491241]
 [ 67.06       -62.332       64.0775528  -75.59209442]
 [ 69.61       -67.881       62.78242874 -74.01062775]
 [ 69.148      -66.785       65.27110291 -77.04953766]
 [ 61.18       -66.875       63.15980911 -74.47144318]
 [ 66.64       -61.9762      61.27023697 -72.16410065]
 [ 62.51       -64.5053      61.38054657 -72.29878998]
 [ 60.09       -64.4562      63.49567413 -74.88156891]
 [ 58.1        -93.4         66.96056366 -79.11252594]
 [ 60.09       -67.8523      62.40279007 -73.54705811]
 [ 58.         -93.4         66.87296295 -79.0055542 ]
 [ 73.68       -79.7         73.103508   -86.61363983]
 [ 58.2        -93.3         66.91731262 -79.05970764]
 [ 61.74       -65.6887      61.72597122 -72.72060394]
 [ 58.1        -92.9         64.76300812 -76.42910004]
 [ 58.16       -92.936       64.45536804 -76.05345154]
 [ 67.05       -62.122       61.72644806 -72.72116852]
 [ 60.66       -64.7595      60.10069656 -70.73597717]
 [ 58.         -93.6         68.37586975 -80.84074402]
 [ 58.7        -93.2         67.36105347 -79.60157013]
 [ 74.93       -97.55        68.52094269 -81.01789093]
 [ 71.37       -69.417       65.68779755 -77.55835724]
 [ 70.064      -67.356       64.3939209  -75.97841644]
 [ 71.97       -90.303       66.61537933 -78.69101715]
 [ 62.69       -64.9385      63.71929932 -75.1546402 ]
 [ 62.1        -66.1232      62.38573074 -73.52622223]
 [ 59.86       -65.1318      60.93425369 -71.75382996]
 [ 58.4        -94.9         66.81072235 -78.9295578 ]
 [ 69.15       -66.785       62.20677567 -73.30770111]
 [ 77.38       -81.267       64.91439819 -76.61396027]
 [ 66.999      -62.049       63.86927414 -75.33776855]
 [ 58.5        -93.1         68.62979889 -81.15081787]
 [ 58.26       -93.327       71.85739899 -85.09203339]
 [ 66.45       -61.65        60.23696899 -70.9023819 ]
 [ 58.3        -93.3         70.60076904 -83.55755615]
 [ 60.42       -67.8523      59.87822723 -70.46431732]
 [ 60.11       -64.9803      61.29940033 -72.19970703]
 [ 60.6        -64.7545      60.15320206 -70.80008698]
 [ 66.62       -61.3127      61.52307129 -72.47283173]
 [ 58.3        -93.4         66.90494537 -79.04460907]
 [ 59.42       -63.7         60.9758873  -71.80466461]
 [ 58.48       -93.106       71.42134094 -84.55955505]
 [ 67.1        -62.733       63.55440521 -74.95328522]
 [ 60.42       -67.8645      59.41347885 -69.89682007]
 [ 71.25       -88.667       65.74976349 -77.63402557]
 [ 65.81       -62.5308      63.25286102 -74.58506012]
 [ 62.9        -64.6197      63.52736664 -74.9202652 ]
 [ 62.04       -66.9355      61.04279709 -71.8863678 ]
 [ 60.28       -64.7603      62.59174347 -73.77777863]
 [ 57.95       -93.381       69.01113892 -81.61646271]
 [ 58.2        -93.6         67.78959656 -80.12486267]]


